import numpy as np

t = np.arange(12, 24).reshape(3, 4)
print(t)
"""
[[12 13 14 15]
 [16 17 18 19]
 [20 21 22 23]]
"""
# 行交换
t[[1, 2], :] = t[[2, 1], :]
print(t)
"""
[[12 13 14 15]
 [20 21 22 23]
 [16 17 18 19]]
"""

# 列交换
t[:, [0, 2]] = t[:, [2, 0]]
print(t)
"""
[[14 13 12 15]
 [22 21 20 23]
 [18 17 16 19]]
"""
